33,52
33,51
33,50
33,49
33,48
33,47
33,46
33,45
33,44
33,43
33,42
33,41
33,40
33,39
33,38
33,37
33,36
33,35
10,77
10,142
10,152
10,6
10,294
10,184
10,223
11,4
11,25
11,26
11,5
11,6
11,27
11,19
11,7
9,6
9,4
8,11
8,18
8,9
8,10
8,4
31,3
31,2
31,1
31,0
25,3
25,2
25,1
25,0
24,3
24,2
24,1
24,0
20,3
20,2
20,1
19,3
19,2
19,1
12,3
12,2
12,1
11,29
11,24
11,23
11,18
11,16
11,14
11,12
11,11
11,3
11,2
11,1
18,1
10,282
10,251
18,3
10,235
10,172
10,94
14,1
10,74
14,3
13,1
10,23
10,14
10,3
13,3
10,2
10,1
9,7
9,5
9,3
9,2
